MIT-BIH_V5_Subject102,360,29133,34216,38682,62969
MIT-BIH_V5_Subject104,360,22390,40083,44755,49111,58986,63036
MIT-BIH_MLII_Subject106,360,59861,111785,132412,139279,146070,164305,174368,181435,241240,261914,312023,318550
MIT-BIH_MLII_Subject119,360,7610,11305,16621,20294,24292,28829,34912,39942,45678,50062
MIT-BIH_MLII_Subject124,360,103283,111960,119599
MIT-BIH_MLII_Subject200,360,3611,14449,18252,35069,44483,73817,80184,83919,99612,104374,117408,122458,130690,135552,139968
MIT-BIH_MLII_Subject207,360,13868,17575,38452,76859,81759,532374,567783,607116
MIT-BIH_MLII_Subject209,360,151724,162029,167475,175537,215793,221365
MIT-BIH_MLII_Subject217,360,31131,35919,39585,44391,48792,56297
MIT-BIH_MLII_Subject222,360,195781,200671,206245,210412,218349,223378,246022,270312,274857
MIT-BIH_MLII_Subject223,360,43517,63343,99043,113076
MIT-BIH_MLII_Subject228,360,6192,12198,33580,65258,85047,98572,130142,137810,154608,167186,250095,270771
MIT-BIH_MLII_Subject231,360,35142,117397,203001,290985,348915,363485,373868,422505
MIT-BIH_MLII_Subject234,360,304425,313772
